/*--------------------------------*- C++ -*----------------------------------*\
  =========                 |
  \\      /  F ield         | OpenFOAM: The Open Source CFD Toolbox
   \\    /   O peration     | Website:  https://openfoam.org
    \\  /    A nd           | Version:  dev
     \\/     M anipulation  |
\*---------------------------------------------------------------------------*/
FoamFile
{
    format      ascii;
    class       faceSet;
    location    "constant/polyMesh/sets";
    object      skewFaces;
}
// * * * * * * * * * * * * * * * * * * * * * * * * * * * * * * * * * * * * * //


524
(
1638408 
1638410 
1703986 
1704010 
1573164 
1638776 
1638781 
1606032 
1638801 
1606034 
1606037 
1606039 
1606137 
1606139 
1638911 
1638913 
1606147 
1638952 
1638954 
1573681 
1573682 
1573695 
1573696 
1573783 
1573798 
1573799 
1573808 
1573809 
1573810 
1573833 
1573834 
1573903 
1573911 
1606739 
1574136 
1574215 
1574216 
1574233 
1574238 
1574286 
1574288 
1607970 
1607973 
1607975 
1608346 
1608348 
1608373 
1608375 
1608771 
1576420 
1609481 
1609537 
1609728 
1609730 
1609732 
1643295 
1643302 
1643348 
1643359 
1611337 
1611365 
1644232 
1644234 
1644240 
1644262 
1644264 
1644271 
1579579 
1579781 
1579782 
1645429 
1645432 
1579906 
1579908 
1645465 
1612856 
1612857 
1612878 
1612880 
1645666 
1612926 
1612927 
1612949 
1645885 
1645889 
1645989 
1580558 
1613353 
1613355 
1580595 
1580596 
1580597 
1580598 
1580607 
1580608 
1580609 
1580612 
1580613 
1580616 
1580617 
1613420 
1580718 
1580720 
1580967 
1580996 
1646659 
1581245 
1581645 
1581646 
1581656 
1614522 
1614523 
1581865 
1614652 
1614654 
1614656 
1614658 
1581902 
1581994 
1582109 
1614919 
1614948 
1614955 
1614958 
1582311 
1582312 
1582315 
1582316 
1713403 
1713409 
1582350 
1582351 
1713424 
1713426 
1582363 
1582364 
1713463 
1713471 
1713607 
1713609 
1713634 
1713635 
1582609 
1582610 
1582623 
1582624 
1713950 
1713955 
1714142 
1714143 
1650058 
1650064 
1617445 
1617484 
1617758 
1650844 
1650855 
1552600 
1552745 
1618467 
1618471 
1553007 
1553010 
1651846 
1651851 
1651928 
1651935 
1651988 
1651996 
1652001 
1652302 
1652315 
1652316 
1652320 
1652321 
1652322 
1652384 
1554080 
1652385 
1652386 
1652390 
1652391 
1652392 
1652396 
1652397 
1652401 
1652402 
1652403 
1652456 
1554248 
1554249 
1554258 
1554271 
1554272 
1554276 
1554304 
1554307 
1554325 
1555216 
1555256 
1555263 
1555264 
1555271 
1555272 
1555329 
1555334 
1555362 
1555364 
1555381 
1719725 
1719727 
1720141 
1720167 
1720215 
1720216 
1720217 
1720218 
1720219 
1720220 
1720221 
1720222 
1720223 
1720224 
1720225 
1720226 
1720227 
1720228 
1720234 
1720243 
1556405 
1556406 
1556446 
1556582 
1556600 
1687689 
1556618 
1589394 
1589399 
1687706 
1589413 
1589418 
1720491 
1556655 
1687762 
1556694 
1556707 
1720573 
1720575 
1556795 
1720638 
1556900 
1556917 
1556918 
1556919 
1556920 
1557101 
1557102 
1557107 
1557108 
1557109 
1720983 
1720984 
1720985 
1720986 
1720987 
1720988 
1720990 
1720991 
1720992 
1720993 
1720994 
1720995 
1720996 
1720997 
1623056 
1623058 
1623061 
1623065 
1623231 
1623234 
1623277 
1623393 
1623415 
1623417 
1623419 
1623421 
1722108 
1722150 
1656806 
1656887 
1656889 
1558751 
1558754 
1558756 
1558759 
1689920 
1689945 
1657354 
1657358 
1690356 
1690363 
1690366 
1723364 
1690658 
1690660 
1690678 
1690679 
1690688 
1690694 
1691615 
1691616 
1561330 
1561602 
1561607 
1561747 
1561939 
1561956 
1561958 
1628210 
1693790 
1693791 
1693794 
1693795 
1628264 
1562729 
1628266 
1562731 
1628268 
1628270 
1628272 
1628274 
1628276 
1628278 
1628280 
1628282 
1693820 
1628284 
1693822 
1628286 
1693823 
1628288 
1628290 
1693841 
1693842 
1693864 
1562803 
1562809 
1628370 
1693979 
1693980 
1694040 
1694042 
1628699 
1727255 
1628952 
1629178 
1629180 
1629182 
1629184 
1629186 
1629188 
1629191 
1629194 
1629196 
1629198 
1629200 
1629202 
1629204 
1629206 
1629208 
1563888 
1563890 
1563945 
1563953 
1564111 
1564112 
1564143 
1564144 
1564247 
1564248 
1564249 
1564320 
1728537 
1728545 
1695973 
1695975 
1663416 
1663437 
1663545 
1663552 
1663888 
1663892 
1663994 
1664145 
1664151 
1664196 
1664204 
1632102 
1698244 
1698251 
1698381 
1698382 
1600117 
1698444 
1665740 
1665753 
1665816 
1665817 
1665821 
1665822 
1665823 
1665850 
1665851 
1665852 
1665856 
1665857 
1665858 
1600773 
1600776 
1600781 
1600784 
1600801 
1600804 
1600809 
1600812 
1600818 
1600819 
1600820 
1600822 
1568063 
1666388 
1666389 
1666393 
1666394 
1666410 
1666411 
1666412 
1666416 
1666417 
1600924 
1600927 
1600932 
1600935 
1600938 
1600940 
1600941 
1600943 
1600950 
1600953 
1600958 
1600961 
1600967 
1600968 
1600969 
1600971 
1666544 
1666549 
1568281 
1699970 
1700200 
1569188 
1569189 
1569190 
1569244 
1569246 
1569304 
1569305 
1569331 
1569350 
1569351 
1569354 
1569355 
1569412 
1569477 
1569573 
1569638 
1569641 
1602411 
1602415 
1635241 
1635265 
1635644 
1635656 
1635776 
1635778 
1635796 
1635798 
1635809 
1635811 
1635866 
1635884 
1701816 
1701818 
1701859 
1701861 
1701866 
1701888 
1571011 
1571012 
1571155 
1571156 
1603946 
1604172 
1604174 
1604182 
1604184 
1636968 
1604200 
1670168 
1604643 
1604645 
1604647 
1604649 
1604710 
1604715 
1604718 
1604721 
1638286 
1638291 
1638304 
1638306 
1638375 
1638395 
1638397 
)

// ************************************************************************* //
