/*--------------------------------*- C++ -*----------------------------------*\
  =========                 |
  \\      /  F ield         | OpenFOAM: The Open Source CFD Toolbox
   \\    /   O peration     | Website:  https://openfoam.org
    \\  /    A nd           | Version:  dev
     \\/     M anipulation  |
\*---------------------------------------------------------------------------*/
FoamFile
{
    format      ascii;
    class       faceSet;
    location    "constant/polyMesh/sets";
    object      wrongFaces;
}
// * * * * * * * * * * * * * * * * * * * * * * * * * * * * * * * * * * * * * //


5584
(
1540183 
1540203 
1441902 
1441904 
1540218 
1540220 
1540234 
1540235 
1441968 
1441969 
1441997 
1441998 
1442000 
1147123 
1147124 
1147125 
393504 
557391 
557406 
1147243 
1147244 
1081722 
1081726 
1081727 
1081728 
557456 
557457 
557458 
557470 
557471 
557472 
557473 
557483 
557484 
557485 
557520 
557521 
557522 
557530 
557531 
557532 
557533 
557534 
557535 
557536 
557541 
557542 
557543 
557544 
1114643 
1114644 
1114645 
295519 
295520 
295521 
295522 
787050 
557682 
557683 
557684 
557691 
557692 
557693 
557694 
557695 
557696 
557697 
557702 
557703 
557704 
557705 
557740 
557741 
557742 
262834 
557748 
557749 
557750 
557751 
557752 
557753 
557754 
557759 
557760 
557761 
557762 
787308 
590714 
525179 
525180 
263038 
590732 
197525 
197526 
197527 
197528 
263087 
295863 
295864 
295865 
295876 
295877 
295878 
295879 
1082342 
1082343 
1082344 
1082350 
1082351 
1082352 
1082353 
1082359 
1082360 
1082361 
197632 
197633 
197634 
623620 
525418 
525440 
525441 
525442 
525443 
296078 
296079 
296080 
296093 
296094 
296095 
296096 
1606830 
197981 
197984 
198032 
198034 
198035 
165595 
198528 
198530 
395167 
198602 
198604 
559054 
559055 
559056 
919518 
919519 
919520 
919521 
559075 
559076 
559077 
559078 
1214439 
1214440 
1214441 
559082 
559083 
559084 
559127 
559128 
559129 
559135 
559136 
559148 
559149 
559150 
559151 
559161 
559162 
559163 
1247301 
1247302 
1247303 
297043 
297044 
297045 
297046 
1214556 
1214557 
1214558 
1214559 
297059 
297060 
297061 
297070 
297080 
297081 
297082 
1149057 
559240 
559241 
559242 
559252 
559253 
1149079 
1149080 
1149087 
559263 
1149088 
559264 
297120 
559265 
297121 
559266 
297122 
559268 
559269 
559274 
559275 
559276 
559295 
559296 
559297 
559303 
559304 
559313 
559314 
559315 
559316 
559321 
559322 
559327 
559328 
559329 
297189 
919782 
297190 
919783 
297191 
919784 
297192 
919785 
395502 
395503 
395504 
297200 
395505 
297201 
297202 
297203 
919807 
919808 
919809 
919810 
919826 
919827 
919828 
919829 
1149212 
1149213 
1149214 
1149215 
919841 
919842 
919843 
1116452 
919844 
395557 
395562 
395563 
395564 
395565 
559406 
559407 
1149232 
559408 
1149233 
559409 
1149234 
1149235 
395576 
395581 
559422 
395582 
1116479 
395583 
1116480 
1116481 
1149260 
1149269 
1116507 
559457 
1149288 
1149290 
1149291 
1149303 
1116555 
1116557 
395688 
395693 
395694 
395695 
395696 
395716 
395722 
395723 
395724 
1215397 
1215425 
1215426 
1215427 
1215428 
920534 
920535 
920536 
920537 
920567 
920568 
920569 
920570 
920585 
920586 
920587 
920588 
920600 
920601 
920602 
920603 
560200 
560201 
134217 
134218 
134219 
134220 
134236 
134249 
134250 
134251 
134252 
134261 
134262 
134263 
134264 
134270 
134276 
658571 
658580 
658582 
134294 
658583 
134295 
134296 
134297 
134306 
134307 
134308 
134309 
134315 
134321 
658654 
658656 
1412335 
1412336 
1412337 
1412345 
1412346 
1412347 
658684 
658686 
134399 
134400 
134401 
134402 
658699 
134411 
1412377 
1412378 
1412379 
1412384 
1412385 
1412386 
134445 
1412405 
1412406 
1412407 
1412443 
1412444 
1412445 
1412453 
1412454 
1412455 
1412484 
1412485 
1412486 
1412492 
1412493 
1412494 
658856 
658860 
658861 
658862 
1412527 
1412528 
1412529 
1412537 
1412538 
1412539 
1412566 
1412567 
1412568 
1412574 
1412575 
1412576 
1445348 
1412603 
1412604 
1412605 
1412613 
1412614 
1412615 
1412644 
1412645 
1412646 
1412652 
1412653 
1412654 
1412683 
1412684 
1412685 
1412690 
1412691 
1412692 
593552 
364410 
364411 
364412 
364413 
364421 
364427 
364428 
364429 
364430 
364441 
364448 
364449 
364450 
364451 
364459 
593841 
1150901 
364469 
1150906 
364475 
1150908 
364476 
364477 
364478 
593860 
593861 
364486 
364487 
364488 
364489 
364494 
364495 
364496 
364497 
364504 
364505 
364506 
659419 
364507 
659420 
364513 
364514 
364515 
364516 
364518 
364519 
364520 
364521 
659447 
659448 
364536 
364541 
364546 
593932 
593934 
299068 
299084 
299085 
299086 
299096 
364635 
364636 
364637 
364638 
364643 
364644 
364645 
364646 
364654 
364655 
364656 
364657 
364664 
364665 
364666 
364667 
364672 
364673 
364674 
364675 
364682 
364687 
364688 
364689 
364690 
364698 
364704 
364705 
364706 
364707 
364711 
364712 
364713 
364714 
364720 
364721 
364722 
364723 
1151157 
1151158 
364726 
364727 
364728 
364729 
1151168 
364736 
1151169 
364737 
364738 
364739 
364744 
364745 
364746 
364747 
364754 
364755 
364756 
364757 
1151192 
364760 
364761 
364762 
364763 
364775 
364776 
1151209 
364777 
364778 
364782 
364783 
364784 
364785 
364793 
364794 
364795 
364796 
364802 
364803 
364804 
364805 
364811 
364812 
364813 
364814 
364820 
364821 
364822 
364823 
1151256 
659736 
1151257 
659737 
364827 
364828 
364829 
364830 
364834 
659747 
364835 
659748 
364836 
659749 
364837 
1151271 
1151272 
364841 
364842 
364843 
364844 
1151277 
364849 
364850 
364851 
364852 
659769 
364859 
364860 
364861 
1151294 
364862 
1151295 
135488 
135489 
135490 
364868 
659781 
364869 
364870 
659783 
364871 
364875 
364876 
364877 
364878 
659795 
364883 
659796 
364884 
364885 
659798 
364886 
364888 
135512 
364889 
364890 
364891 
364894 
364895 
364896 
364897 
135537 
135538 
135539 
1413497 
1413498 
1413499 
1413515 
135567 
135568 
135569 
135570 
135581 
135582 
135583 
135584 
1151394 
135587 
1151402 
1151406 
365000 
365001 
365002 
365003 
365008 
365009 
365010 
365011 
365019 
365020 
365021 
365022 
365029 
365030 
365031 
365032 
365038 
365039 
365040 
365041 
365046 
365047 
365048 
365049 
365052 
365053 
365054 
365055 
365059 
365060 
365061 
365062 
365066 
365067 
365068 
365069 
365073 
365074 
365075 
365076 
365082 
365083 
365084 
365085 
365088 
365089 
365090 
365091 
365098 
365099 
365100 
365101 
365107 
365108 
365109 
365110 
365113 
365114 
365115 
365116 
365119 
365120 
365121 
365122 
365126 
365131 
365132 
365133 
365134 
365146 
365151 
365152 
365153 
365154 
365161 
135786 
365167 
365168 
365169 
365170 
365176 
365177 
365178 
365179 
365187 
1413914 
136051 
136052 
136053 
136054 
136061 
136073 
136074 
136075 
136076 
136103 
136120 
136121 
136122 
136123 
136150 
562217 
562222 
562224 
136253 
136254 
136255 
136256 
595033 
136281 
136282 
595035 
136283 
136284 
595042 
595044 
136306 
136310 
136311 
136312 
136313 
595079 
136327 
136328 
595081 
136329 
136330 
595090 
595092 
431269 
136368 
595124 
595126 
595136 
595137 
529601 
529606 
529607 
529608 
136402 
464104 
464105 
464106 
464116 
464117 
464118 
595194 
595196 
595205 
595207 
464152 
464153 
464154 
136512 
464215 
464234 
136616 
136626 
136644 
1447365 
1447377 
1447378 
1447379 
366036 
1447406 
1447407 
562671 
1447408 
562677 
562678 
562679 
595502 
366138 
464500 
464501 
464502 
136913 
136914 
1447635 
136915 
1447636 
1447637 
1447640 
1447641 
1447642 
825190 
825191 
825192 
563071 
563077 
563078 
399258 
399259 
399260 
399292 
399294 
399295 
399296 
366533 
366534 
399303 
366535 
366536 
399305 
399306 
399307 
366544 
366545 
366546 
366547 
366550 
366551 
366552 
366553 
366557 
366558 
366559 
366560 
399330 
399331 
399332 
366566 
137197 
137198 
366575 
137199 
366576 
366577 
366578 
366588 
366589 
366590 
366591 
366599 
137330 
137333 
137334 
137335 
137336 
137341 
137342 
137343 
137344 
137352 
137353 
137354 
137355 
137367 
137368 
137369 
137407 
137408 
137409 
137410 
137549 
137550 
137551 
498037 
498038 
498039 
498040 
366970 
366974 
366975 
1513881 
1513882 
1513883 
1513929 
1513930 
1513931 
1513935 
1513936 
1513937 
137682 
137683 
137684 
1087962 
137701 
137702 
137703 
1087982 
1087988 
367093 
137737 
137738 
137739 
1088015 
1088021 
1088033 
1088049 
1088050 
1088072 
1088083 
1481309 
1415797 
1415798 
1415799 
1088123 
1088129 
367257 
1088154 
1088159 
1088184 
1088189 
1088216 
1088222 
1088249 
1088255 
367383 
1088280 
367384 
367385 
367386 
1088285 
367398 
367404 
367405 
138029 
367406 
367407 
1088310 
367415 
1088315 
367423 
367424 
367425 
367426 
367430 
367431 
367432 
367433 
1088332 
367436 
1088333 
367437 
1088334 
367438 
1088335 
367439 
367442 
367443 
367444 
367445 
1088345 
367449 
367450 
367451 
367452 
1088352 
1088353 
367457 
1088354 
367458 
1088355 
367459 
367460 
367462 
367463 
367464 
367465 
367468 
367469 
367470 
367471 
367474 
367475 
367476 
367477 
367488 
367493 
367494 
367495 
367496 
367506 
367512 
1088417 
367522 
367527 
367528 
367529 
367530 
1088437 
1088438 
367542 
1088439 
1088440 
367547 
367552 
367553 
367554 
367555 
367562 
367566 
367567 
367568 
367569 
367677 
367678 
367679 
1449049 
1449050 
1449051 
924769 
924770 
138342 
138343 
138344 
924780 
138365 
138366 
924800 
924801 
924803 
924804 
924810 
924811 
924812 
924813 
335017 
924844 
924845 
924851 
924854 
924855 
924856 
924857 
138438 
138439 
138440 
138441 
138452 
138455 
138559 
302511 
433659 
433661 
433662 
433684 
433685 
433686 
433687 
1089147 
1089173 
1089174 
1089175 
1089184 
1089185 
1089186 
1089199 
1089200 
1089201 
1089202 
1089232 
532176 
1089233 
1089234 
1089240 
1089241 
1089242 
1089253 
1089254 
1089255 
1089261 
1089262 
1089263 
302861 
302862 
302863 
434018 
434019 
434041 
434042 
434043 
434044 
434062 
434063 
434064 
1089477 
1089478 
1089479 
303048 
303049 
303050 
1089485 
1089486 
1089487 
630926 
1089736 
1089737 
1089738 
1089753 
1089754 
1089755 
1089767 
1089768 
1089769 
1089776 
1089777 
1089778 
1024387 
1024390 
1089932 
1089933 
1089934 
1089970 
1089971 
1089972 
1089980 
1089982 
238097 
238098 
238099 
238100 
238106 
238116 
1024561 
1024565 
238134 
238150 
238163 
238164 
238165 
238166 
238171 
238181 
1024621 
1024624 
238192 
238193 
238194 
238195 
238201 
238209 
238239 
238240 
238241 
238242 
238247 
238257 
238268 
238269 
238270 
238271 
238277 
238289 
1024725 
959199 
959228 
1024765 
959230 
1024803 
1024827 
1450825 
1450826 
1024842 
1450841 
1450848 
1450849 
1450850 
1450851 
959339 
1024876 
729966 
729967 
729968 
729979 
402334 
402339 
402340 
402341 
959417 
730041 
730043 
959458 
730093 
730125 
566287 
566288 
566289 
566290 
566312 
566313 
566314 
566315 
566318 
238642 
238643 
238644 
238645 
959594 
959596 
1025174 
1025178 
238764 
238765 
238766 
959675 
238784 
238785 
238786 
238787 
959708 
959710 
238816 
238817 
238818 
238819 
959732 
959733 
959734 
959735 
959808 
959861 
959862 
959863 
959880 
1287607 
1287608 
1287610 
1287612 
1287618 
1287642 
1287644 
1287653 
1025514 
1287667 
1287669 
828920 
828921 
828922 
1025572 
1287747 
1287762 
1287763 
1287764 
1287768 
1287773 
1287774 
1287795 
1287796 
1025656 
1287810 
1287824 
1287825 
1287830 
1025689 
1287835 
1287836 
1287837 
1287854 
1287855 
1287857 
1287880 
1287883 
1287885 
1287894 
1287938 
1189635 
1189636 
1189648 
1189649 
1287961 
1189659 
1189660 
1287967 
1287968 
1287969 
1287976 
1287978 
1189677 
1189678 
1189688 
1189705 
1189706 
403286 
1189725 
1189726 
1288031 
1288032 
403298 
1288043 
1189742 
1189743 
1288048 
1288049 
1288050 
403315 
403321 
1189755 
403327 
403342 
403343 
403344 
1189777 
1189778 
403348 
403349 
403350 
1288087 
403351 
403356 
403357 
403358 
403359 
403371 
1189804 
403372 
1189805 
403373 
403376 
403377 
403378 
403379 
1189817 
1189818 
1288129 
1288131 
1189827 
1189828 
1189845 
1189846 
1288153 
1288154 
1189858 
1189859 
1189860 
1189861 
1288173 
1288174 
1189875 
1189876 
1189888 
1189889 
1189905 
1288210 
1189906 
1288214 
1288218 
1288219 
1288220 
1288227 
1288228 
567339 
567344 
567358 
567359 
567360 
1288265 
567369 
567370 
567371 
567372 
206924 
1288273 
567377 
567378 
567379 
1288277 
1288279 
1288280 
567387 
567388 
567389 
567390 
567399 
1288296 
567400 
567401 
567409 
567410 
567411 
567412 
567414 
567415 
567416 
567420 
567421 
567422 
567429 
567430 
567431 
1288328 
567432 
1288329 
1288330 
1288352 
1288355 
1288363 
1288374 
1288375 
1288377 
1091774 
1091775 
1091776 
1288413 
1288414 
1288427 
1288428 
1288447 
1288451 
1288452 
1288490 
1288515 
1288532 
1288545 
1288546 
1288547 
1288548 
1288555 
1288562 
1288563 
1288564 
1288581 
1288583 
1091977 
1091978 
1091979 
1091982 
1091984 
1026450 
1026454 
1288625 
1288627 
1092029 
731585 
731596 
731598 
731599 
731600 
731601 
731606 
731607 
1092056 
731608 
1419739 
1419740 
1288668 
1419741 
1288669 
731631 
731633 
731634 
731635 
1092084 
731636 
731641 
731642 
731643 
1092094 
1092095 
1288704 
1092096 
1288705 
1092102 
1092103 
1092104 
1092105 
731664 
731666 
731668 
731670 
1092122 
1092123 
1092124 
1092125 
1026604 
1026607 
731696 
731697 
731698 
731699 
731733 
731734 
731735 
731736 
731857 
1026784 
1026788 
731898 
731911 
731912 
731913 
731914 
1026850 
1026853 
731951 
731962 
731963 
731964 
731965 
731984 
732035 
732038 
1026956 
732064 
732065 
732066 
1026991 
1027010 
1027046 
732156 
732157 
732158 
732159 
1027082 
732187 
1027106 
1027121 
732223 
732224 
732225 
732226 
732231 
1027155 
732247 
732252 
732265 
732294 
732295 
732296 
732315 
732316 
732317 
732329 
732330 
732331 
732407 
732408 
732409 
568825 
568832 
568833 
568834 
1453604 
1715797 
1060473 
1060474 
1060475 
1060488 
1060489 
1060490 
1421078 
1421079 
1421091 
1421101 
1421102 
1421103 
1421104 
1027914 
1027916 
1027921 
1027923 
962414 
1028019 
1028021 
1028025 
1028027 
962515 
962516 
1060877 
1060878 
1060879 
569361 
1060885 
1060886 
1028118 
1060887 
1028120 
1028125 
1028127 
1060907 
1060908 
1060909 
1060910 
1060913 
1060914 
1060915 
569395 
569398 
1060930 
1060931 
1060932 
1060933 
569434 
1060956 
1060957 
1060958 
569440 
1060964 
1060965 
1060966 
569461 
1421448 
1421449 
1421450 
1028245 
1028247 
569498 
1028251 
1028253 
569504 
569514 
569515 
569542 
209094 
569544 
405746 
1061116 
1061117 
405757 
1061118 
405758 
405759 
405761 
1061134 
1061135 
1061136 
1061149 
1061150 
1061151 
405801 
405802 
405803 
1421651 
1421652 
1421653 
504173 
504174 
504175 
962994 
569791 
569792 
569793 
569800 
569801 
569807 
569810 
405974 
405975 
405977 
963049 
963050 
405995 
405996 
405997 
405998 
406008 
406009 
406010 
406015 
963072 
406016 
963073 
406017 
406037 
406038 
406040 
1618464 
569894 
569895 
569911 
569912 
569915 
569916 
569917 
406078 
406079 
406080 
406081 
569924 
569925 
569926 
569927 
406088 
406089 
406090 
406091 
12881 
668242 
12889 
12890 
12891 
668266 
668267 
668268 
668276 
569978 
569979 
569980 
406145 
209538 
569988 
569989 
569990 
569991 
569993 
569994 
406154 
569995 
406158 
570000 
570001 
570002 
570003 
406166 
406167 
406168 
406169 
406179 
406188 
406189 
406190 
406191 
504501 
406201 
406206 
504519 
1061577 
1061578 
1061579 
242382 
242396 
242397 
242398 
242399 
13024 
242405 
13029 
13030 
13031 
570103 
570109 
242437 
242438 
242439 
242440 
242442 
570144 
570173 
570179 
242511 
242516 
1192789 
1192793 
1192798 
1192799 
1192800 
1192801 
1192805 
570216 
242538 
668523 
242539 
668524 
242540 
668525 
242541 
668526 
406386 
406390 
1192826 
1192827 
1192828 
1586045 
1192831 
1192832 
1192833 
1192841 
406409 
1192842 
406410 
1192843 
406411 
406412 
1192851 
1029011 
1192852 
1192853 
1029013 
1192859 
1192860 
1192861 
406432 
1029029 
1192869 
1192870 
1192871 
406440 
1192880 
1192881 
1192882 
406451 
209845 
1192888 
1192889 
1192890 
1192896 
209856 
1192897 
1192898 
1192906 
1192907 
1192908 
1192918 
1192919 
1192920 
1192925 
1192926 
1192927 
1192933 
1192934 
1192935 
406509 
1192943 
1192944 
1192945 
1192954 
1192955 
1192956 
406526 
1192960 
1192961 
1192962 
570384 
570385 
570386 
570396 
570397 
570398 
570439 
570440 
570441 
570448 
570449 
570450 
570451 
570454 
570455 
570456 
570461 
570462 
570463 
570464 
406765 
406766 
406767 
406778 
406779 
406780 
406781 
1193228 
1193229 
1193230 
1193236 
1193237 
1193238 
1193247 
1193248 
1193249 
1193256 
1193257 
1193258 
1193272 
1193273 
1193274 
1193275 
1193281 
1193282 
1193283 
1193284 
1193289 
1193290 
1193291 
1193300 
1193301 
1193302 
1193311 
1193312 
1193315 
1193316 
1193317 
1422695 
1422696 
1422697 
1193323 
1193324 
1193325 
1193332 
1193333 
1193334 
1193337 
1193338 
1193344 
1193345 
1193346 
1193354 
1193355 
1193362 
1193363 
1193364 
1029527 
1193369 
1193370 
1193371 
1193374 
1193375 
1193380 
1193381 
1193382 
865718 
865723 
505341 
505342 
505343 
505350 
505351 
505352 
865801 
865806 
505385 
505422 
505423 
505424 
505431 
505432 
505433 
1422938 
1422950 
243302 
1422951 
243303 
1422952 
243304 
243305 
243316 
243317 
243318 
243319 
1160854 
1160872 
1160873 
1160874 
1160875 
1160883 
1160884 
1160885 
1160886 
243397 
243398 
243399 
243400 
243408 
735053 
735071 
735072 
735073 
1488757 
866175 
866180 
473302 
473303 
473304 
473305 
473312 
473313 
473314 
473315 
473328 
866736 
866749 
866769 
866774 
1161694 
1161695 
1161696 
1161705 
1161706 
1161707 
506348 
866799 
866805 
1161718 
1161719 
1161720 
1096186 
1161725 
1161726 
1161727 
1096194 
1161734 
866822 
1161735 
1161736 
866832 
1161745 
1161746 
1161747 
1161757 
1161758 
1161759 
506399 
506400 
1161763 
1161764 
1161765 
1161771 
1161772 
1161773 
1161782 
1161783 
1161784 
1292860 
1292861 
1161797 
1161798 
1161799 
1292897 
1292898 
1292899 
1096292 
506474 
506477 
506478 
506479 
440950 
244344 
244345 
244346 
244347 
244348 
244351 
244352 
244353 
244354 
244359 
244362 
244363 
244364 
1096333 
244365 
670359 
244384 
244385 
244386 
244387 
244397 
244398 
244399 
244400 
244477 
244478 
244479 
244480 
1719045 
244489 
244490 
244491 
244492 
244500 
244501 
244502 
244503 
244519 
1096488 
244525 
244526 
244527 
244531 
244532 
244533 
244534 
244539 
244540 
244541 
244542 
244546 
244547 
244548 
244549 
244551 
244557 
244558 
244559 
899922 
736103 
736111 
736112 
736113 
736133 
244619 
244633 
244634 
244635 
244636 
736162 
736165 
1293223 
736181 
637884 
637894 
1293256 
637902 
637903 
637904 
736209 
637905 
736211 
736212 
637913 
637914 
637915 
637916 
1293284 
1293286 
736231 
637927 
736233 
736234 
637935 
736240 
1293300 
637942 
1293303 
637943 
637944 
637945 
637953 
637954 
637955 
637956 
736269 
736270 
1293327 
736271 
1293330 
637972 
736283 
736284 
736285 
736286 
736290 
637987 
637988 
637989 
637990 
736309 
638013 
638026 
638027 
638028 
638029 
441434 
736347 
736348 
736349 
736350 
638049 
638059 
736368 
736370 
638067 
638068 
638069 
638070 
638078 
638079 
638080 
638081 
638090 
638098 
736408 
638105 
638106 
638107 
638108 
638115 
244899 
638116 
244900 
638117 
244901 
638118 
244902 
736429 
638127 
638137 
736447 
736448 
736449 
638145 
638146 
638147 
244931 
638148 
638155 
638156 
638157 
638158 
736464 
736465 
736466 
638169 
638177 
638184 
638185 
638186 
638187 
638195 
638196 
638197 
638198 
244986 
244987 
244988 
244989 
244993 
244994 
244995 
244996 
245017 
245020 
245021 
245022 
245023 
638245 
245037 
245038 
638255 
245039 
245040 
245045 
638263 
638264 
245048 
638265 
245049 
638266 
245050 
245051 
638274 
638275 
638276 
638277 
245066 
245067 
245068 
245069 
638286 
638294 
245083 
638301 
638302 
245086 
638303 
245087 
638304 
245088 
245089 
638311 
638312 
638313 
638314 
638323 
638333 
638341 
638342 
638343 
638344 
638351 
638352 
638353 
638354 
1195413 
1195431 
1195527 
1195528 
1195529 
1195536 
1195537 
1195538 
245347 
966330 
966354 
737026 
737027 
737028 
245521 
638815 
638816 
638817 
638818 
966509 
966510 
966511 
966512 
638845 
638846 
638847 
638848 
638859 
638864 
638865 
638866 
638876 
638885 
638886 
638887 
638888 
245774 
1163331 
868423 
868425 
868430 
868431 
868432 
1163345 
868433 
409684 
639109 
639110 
639111 
639112 
409746 
1196227 
1196228 
1196229 
1196231 
1196232 
1196233 
966868 
1196247 
1196248 
1196249 
1196251 
1196252 
1196253 
475372 
475373 
475374 
475375 
966898 
1065223 
1065224 
1065225 
1065226 
475407 
475408 
475409 
475410 
475414 
475415 
475416 
966937 
475417 
966938 
966939 
475436 
475437 
475438 
475439 
966970 
246082 
246088 
246089 
246090 
246092 
246105 
246110 
246111 
246112 
1196400 
1196401 
1196402 
1196406 
1196407 
1196408 
246145 
246151 
246152 
246153 
246155 
967052 
967054 
967056 
246172 
246177 
246178 
246179 
967081 
967082 
967088 
967089 
967091 
1098176 
1098177 
1098178 
1098179 
16891 
16900 
16901 
16902 
180785 
180801 
180822 
475736 
475737 
475738 
180827 
180833 
180839 
180845 
475758 
475759 
475760 
180850 
180855 
475769 
475770 
475771 
475787 
475790 
475791 
475792 
508568 
508569 
508570 
508571 
508581 
869030 
508590 
508591 
180916 
475830 
475831 
475832 
180922 
869052 
180928 
869057 
574154 
574155 
574156 
475853 
475854 
180942 
475855 
180947 
574170 
574171 
574172 
180963 
279350 
279357 
279358 
279359 
1229683 
1229689 
279438 
1229711 
1000335 
279439 
279440 
279441 
1229716 
1000342 
1000343 
1000344 
1000345 
1229733 
1000357 
1229734 
17323 
1229744 
17328 
1229745 
17329 
17330 
17335 
17341 
17342 
1229759 
17343 
1229760 
1229770 
1229771 
1000403 
1000404 
1000405 
1000406 
1000411 
1000413 
1229796 
1000421 
1000423 
1229802 
1164277 
1000440 
1229824 
1229829 
1229853 
1229859 
181291 
1229881 
279612 
1229886 
672830 
181313 
181314 
181315 
181316 
17484 
17491 
17492 
17493 
1229910 
1066070 
1066071 
1066072 
1229916 
1066081 
1066082 
1066083 
1459311 
1459312 
1459313 
1066097 
1229938 
1066098 
1066099 
1066100 
1229943 
1066104 
1066105 
1066106 
1066110 
1229951 
1066111 
1066112 
1459330 
1066118 
1066119 
1066120 
1459341 
1459342 
1459343 
1229969 
1066130 
1066131 
1066132 
1229974 
1066135 
1066136 
1066137 
1066142 
1066143 
1066144 
1459366 
1459367 
181425 
476338 
476339 
476340 
476350 
476351 
476352 
476353 
476355 
181443 
476356 
476357 
476363 
476364 
1459405 
476365 
1459406 
476366 
1459407 
181455 
509139 
509141 
509143 
1459417 
1459418 
1459419 
1164511 
509151 
509153 
17637 
17642 
17643 
17644 
509168 
476409 
476410 
476411 
1459460 
476420 
181508 
476421 
476422 
476423 
476425 
476426 
476427 
476433 
476434 
181522 
476435 
476436 
476446 
476447 
476448 
181536 
476458 
476459 
476460 
476461 
476463 
476464 
476465 
476471 
1000760 
476472 
181560 
476473 
181561 
476474 
181562 
476476 
476477 
476478 
1000774 
148808 
148813 
181587 
181588 
181589 
247149 
247150 
148846 
247151 
17777 
148851 
17783 
17784 
17785 
1426818 
1426819 
1426820 
148884 
148889 
247196 
247198 
247199 
247200 
247216 
247219 
247220 
247221 
148929 
247254 
247255 
247256 
247257 
476732 
476737 
476738 
476739 
476742 
476743 
476744 
476745 
476752 
476758 
476759 
476760 
476765 
476771 
476772 
476773 
575088 
575089 
149135 
149136 
149137 
149138 
345786 
345787 
345788 
345789 
1164990 
739014 
575192 
575193 
739045 
575206 
575207 
1230591 
1230592 
1230593 
1230596 
739106 
739107 
739117 
739118 
1066884 
1066886 
1066887 
739252 
739254 
739255 
1066938 
1066939 
1066940 
1198016 
1198017 
739279 
706541 
1066990 
706542 
706543 
706544 
870522 
870523 
870524 
870525 
870536 
870548 
870559 
870577 
870588 
870599 
870609 
674066 
608535 
608536 
608537 
706948 
706951 
706962 
772500 
706964 
1231291 
575934 
575936 
575938 
575940 
575955 
575957 
1067545 
248389 
248402 
248413 
248414 
248415 
248416 
248443 
248444 
248445 
248446 
248451 
248452 
248453 
248467 
248468 
248469 
248470 
248480 
248481 
248482 
248516 
248517 
248518 
1067726 
248534 
248535 
248536 
248537 
1067742 
1067743 
1067745 
1067770 
1067771 
1067776 
576366 
576381 
576410 
576412 
576426 
576450 
576451 
576452 
576453 
904187 
904191 
1100832 
1100833 
1100834 
1428559 
1428560 
1428561 
248915 
248916 
248918 
1428567 
1428568 
1428569 
248924 
248925 
248926 
248942 
248944 
248949 
904313 
904314 
248959 
248960 
248961 
248962 
248970 
248980 
248981 
248982 
248983 
904352 
904353 
904354 
904355 
248995 
248996 
248997 
248998 
904367 
249011 
249012 
249013 
249014 
1232071 
1232072 
1232083 
1232084 
543956 
904406 
1494231 
904407 
806105 
806106 
806107 
543969 
544018 
544032 
904561 
904592 
904593 
904594 
904595 
544159 
544169 
904631 
904633 
249273 
904634 
249274 
249275 
249292 
249293 
249294 
249295 
904666 
904667 
904668 
904669 
478693 
478694 
904679 
478695 
904689 
478706 
478707 
478708 
478717 
478718 
478719 
478727 
478728 
478729 
904727 
904750 
904752 
151098 
151099 
151100 
904773 
1134155 
1134156 
904781 
151160 
151161 
151162 
151170 
151171 
151172 
151173 
151178 
151179 
151180 
151181 
151188 
151189 
151190 
151191 
151198 
151199 
151200 
1429153 
151201 
151206 
151207 
151208 
151213 
151214 
151215 
151222 
151223 
151224 
151225 
544442 
544443 
544444 
544445 
151229 
151230 
151231 
151232 
151238 
151239 
151240 
151241 
544463 
544464 
151248 
544465 
151249 
544466 
151250 
151251 
544472 
151256 
544473 
151257 
544474 
151258 
544475 
151266 
151267 
151268 
151272 
151273 
151274 
151275 
544495 
151280 
151281 
151282 
151283 
151289 
151290 
151291 
151292 
151298 
151299 
151300 
151301 
904966 
1036072 
905001 
413503 
937802 
937803 
937804 
937812 
937813 
937814 
937815 
413539 
413540 
413541 
937836 
413591 
413630 
1724384 
1495026 
1495027 
1495028 
413699 
413700 
413701 
413702 
413714 
413715 
413716 
413719 
413720 
413721 
413722 
479261 
479262 
479263 
413730 
544806 
544807 
413735 
544808 
413736 
544809 
413737 
544811 
544812 
544813 
413764 
413783 
413784 
413785 
544863 
544864 
544865 
544866 
544873 
544874 
544875 
544885 
544886 
413814 
544887 
544888 
446586 
544898 
446623 
446626 
1036489 
446704 
446710 
676092 
676093 
446739 
446742 
446789 
676171 
446809 
1036637 
1036638 
676207 
676208 
545155 
446851 
446859 
545181 
545182 
545183 
545184 
446885 
545198 
545199 
545200 
545201 
446902 
545217 
545218 
545219 
545220 
545243 
545260 
545261 
545262 
152052 
152053 
152054 
152055 
446993 
152083 
152084 
152085 
152086 
152093 
152094 
152095 
152096 
1233464 
1233465 
1233466 
1233467 
1233470 
1233474 
1233475 
1200707 
1233489 
447065 
1200736 
676450 
1200743 
1200744 
676464 
1200758 
905909 
905910 
905911 
905950 
905951 
905952 
905953 
1495789 
1495790 
1495791 
905971 
905973 
905980 
905981 
905982 
905983 
1233686 
1233689 
1430300 
1233710 
1430319 
1233717 
1233722 
1233729 
1233730 
1233733 
1495887 
1233743 
1495888 
1495889 
1495894 
1233750 
152406 
1495895 
1495896 
1233753 
1233757 
1233758 
1233761 
381793 
1233769 
1233771 
1233772 
1233779 
21364 
1233781 
1233782 
21370 
21371 
21372 
21373 
381824 
21382 
21383 
21384 
676767 
381855 
381856 
381857 
381858 
381860 
1495977 
1495978 
1495979 
381869 
381897 
447439 
447441 
1037279 
1037281 
1430521 
807941 
807947 
1430540 
807948 
807949 
807950 
807960 
807961 
807962 
807963 
480327 
480331 
480336 
1037408 
1037409 
1037420 
1037423 
676995 
1594521 
152760 
447694 
414974 
414976 
414979 
414985 
414992 
414993 
415002 
1168669 
1168670 
1168671 
415007 
1168672 
415009 
644436 
644442 
447858 
447863 
644484 
644492 
644513 
644514 
644515 
644516 
644523 
644524 
644525 
644526 
644531 
447926 
644536 
644537 
447929 
644543 
644547 
644548 
644549 
644550 
218597 
218599 
218600 
218601 
415238 
415239 
415240 
448010 
415243 
448016 
415248 
218643 
218644 
218645 
415254 
415256 
415258 
251419 
251420 
415264 
218657 
218658 
218659 
415273 
415275 
448048 
251441 
218674 
448051 
251443 
218675 
218676 
251445 
218677 
513593 
644669 
480866 
480868 
448104 
480878 
480881 
480885 
448121 
480900 
677511 
644746 
448143 
644755 
448161 
1562275 
644784 
644789 
448202 
448210 
448236 
448253 
251678 
251679 
251680 
939809 
251681 
939810 
939818 
939819 
251694 
251695 
251696 
251697 
251699 
251705 
251706 
251707 
251737 
251743 
251744 
251749 
251752 
251758 
251760 
939889 
251762 
939895 
251769 
186242 
186243 
186244 
251781 
251783 
939928 
939938 
186274 
186275 
186276 
186277 
153566 
153567 
153568 
940008 
940016 
186355 
186381 
153644 
153645 
153646 
940080 
940081 
940082 
153668 
153669 
153670 
153671 
940107 
940108 
940109 
677972 
645235 
252039 
252042 
1333446 
1497321 
1497322 
1497323 
1202445 
1202447 
1202454 
1333531 
678178 
678197 
678198 
678204 
1202504 
1202505 
1202523 
1202533 
1202547 
1202551 
153986 
153987 
153988 
153989 
154017 
154024 
154025 
154026 
154042 
154049 
154050 
154051 
449228 
154391 
154392 
154393 
154394 
416555 
416556 
449336 
416574 
416645 
416646 
416647 
187280 
416663 
187311 
187312 
187313 
187314 
646082 
1498099 
1498100 
1498101 
1498105 
154617 
1498106 
154618 
1498107 
154619 
154653 
154654 
154655 
154678 
154679 
154680 
154681 
154694 
154695 
154696 
154697 
154710 
154716 
154717 
154718 
154726 
154727 
154728 
220275 
154740 
154741 
154742 
154743 
220281 
154752 
154753 
154754 
154755 
416905 
154761 
154762 
416907 
154763 
154764 
416918 
416919 
154775 
416920 
154776 
416921 
154777 
154778 
416930 
416934 
416935 
416936 
646327 
646367 
646368 
646370 
646372 
646373 
646376 
646378 
646379 
646380 
646381 
646382 
646413 
646425 
646444 
646461 
646468 
646469 
646470 
646471 
646478 
646479 
646480 
646481 
646500 
646501 
646502 
646503 
155051 
155052 
155053 
1465796 
1465805 
155088 
155089 
155090 
1498602 
1498603 
1498604 
1498612 
220680 
220681 
220682 
450075 
450076 
220701 
220702 
220703 
220704 
220713 
220714 
220715 
220716 
220776 
220777 
220778 
220807 
220808 
220809 
220810 
220837 
220838 
220839 
220840 
220852 
220853 
220854 
220855 
220858 
220859 
220860 
220869 
220878 
220879 
220880 
220888 
220889 
220890 
220891 
220893 
155367 
614143 
614156 
1236838 
384870 
1236840 
614250 
384874 
1466224 
384880 
1236850 
384913 
384922 
1204126 
384926 
384932 
384941 
384942 
384943 
384944 
614323 
614324 
614325 
384965 
384966 
384967 
384968 
384973 
614355 
384979 
614356 
614357 
614358 
614359 
614360 
614361 
384989 
221152 
221154 
221159 
221165 
221166 
221167 
614384 
614385 
614386 
385019 
221181 
221183 
385024 
385035 
614423 
614425 
614426 
614427 
614429 
614430 
614431 
188450 
385060 
385061 
385062 
385063 
1728553 
188457 
385066 
188458 
385067 
188459 
385068 
188460 
385069 
1204281 
385082 
188477 
188480 
188481 
188482 
188483 
188490 
385106 
188499 
188500 
188501 
188502 
614489 
385114 
385118 
188511 
188512 
188513 
188514 
188519 
188520 
188521 
188522 
188534 
188535 
188536 
188537 
188542 
188543 
188544 
188545 
385162 
385170 
221350 
221351 
221352 
188590 
385202 
188599 
188600 
188601 
188602 
385211 
221372 
221373 
221374 
221375 
385218 
155842 
385219 
385220 
385221 
188613 
155845 
188614 
188615 
188616 
385226 
385227 
385228 
385229 
385233 
385234 
385235 
188627 
385236 
188628 
188629 
188630 
188632 
385242 
385249 
188641 
188642 
188643 
188644 
188657 
188658 
188659 
188660 
188664 
188665 
188666 
188667 
1564927 
385280 
188673 
188674 
188675 
188676 
188684 
1073421 
188685 
1073422 
188686 
1073423 
188687 
385301 
385302 
1073431 
385303 
1073432 
385304 
188696 
1728793 
1073433 
188697 
188698 
188699 
1073438 
1073439 
1073440 
188704 
188705 
188706 
188707 
188714 
1073451 
188715 
1073452 
188716 
1073453 
188717 
385326 
1073466 
1073467 
1073468 
1073480 
385352 
1073481 
1073482 
1073501 
1073502 
1073503 
1073508 
1073509 
1073510 
385382 
385383 
385384 
385385 
1499498 
1499499 
1499500 
1499505 
1499506 
1499507 
1073524 
1073525 
1073526 
1073533 
1073534 
1073535 
1073550 
1073551 
1073552 
1073581 
1073582 
1073583 
1073595 
1073596 
1073597 
1073602 
1073603 
1073604 
1073616 
1073617 
1073618 
1073627 
1073628 
1073629 
1073634 
1073635 
1073636 
188907 
1729004 
188908 
188909 
1073646 
188910 
1073647 
188911 
1073648 
221696 
221697 
188931 
188932 
188933 
188934 
156180 
156181 
1499694 
1499695 
1499696 
385595 
385629 
1172092 
1172093 
615037 
1172094 
615055 
385681 
385682 
385683 
385684 
385686 
385687 
385688 
385689 
615076 
385703 
1172141 
615087 
385726 
647888 
1172179 
647894 
647906 
647907 
647908 
647909 
1172200 
1172202 
647915 
647920 
647921 
647922 
647924 
647930 
647931 
647932 
287501 
287502 
287503 
287504 
647956 
647957 
647958 
647959 
647961 
647962 
647963 
746270 
647972 
647973 
647974 
1172263 
746294 
746295 
746296 
648011 
648012 
648013 
648014 
648032 
648033 
648034 
648035 
746354 
746355 
746356 
746387 
648094 
648095 
648096 
648097 
648099 
648100 
648101 
648102 
189354 
1401776 
1401777 
189361 
1401778 
189362 
189363 
1401782 
1401783 
1401784 
189368 
189375 
189376 
189377 
1401806 
1401807 
1401808 
1401811 
1401812 
189396 
1401813 
189397 
189398 
189399 
746459 
189403 
746460 
189404 
746461 
189405 
189406 
1401833 
1401834 
1401835 
1401837 
189421 
1401838 
189422 
1401839 
189423 
189424 
189437 
189438 
189439 
189440 
1401859 
1401860 
1401861 
287749 
287750 
287751 
1401864 
287752 
1401865 
1401866 
189464 
1401881 
189465 
1401882 
189466 
1401883 
189467 
1401887 
1401888 
1401889 
189475 
189476 
189477 
189478 
746539 
189488 
189489 
189490 
189491 
287807 
287808 
287809 
287810 
746565 
746578 
746580 
189527 
746585 
189539 
746596 
189540 
746597 
189541 
746598 
156776 
156777 
156778 
746634 
648334 
648335 
648336 
648337 
648341 
648362 
648363 
648364 
648365 
648366 
222383 
222384 
222385 
189617 
648374 
189627 
746684 
1303751 
1074377 
1074378 
746698 
1074379 
1074389 
1074390 
1074391 
746711 
1074397 
1074398 
1074399 
1074400 
189688 
189693 
189694 
189695 
189696 
1074433 
1074434 
1074435 
1074442 
1074443 
1074444 
1303928 
615831 
615832 
615833 
157125 
157126 
157127 
157128 
910805 
910807 
910810 
910817 
910819 
910823 
910840 
910843 
910845 
910850 
910852 
910854 
910880 
910883 
910886 
910892 
910899 
910902 
1074753 
648776 
190055 
910984 
910986 
910989 
910993 
910998 
911001 
648915 
648917 
911082 
911083 
911084 
911085 
911087 
157423 
911093 
911095 
911099 
157449 
157450 
648971 
648972 
648973 
190250 
911176 
911178 
190283 
911181 
190286 
911186 
911187 
649043 
911188 
649044 
649045 
911190 
649050 
649051 
649052 
649053 
649070 
649071 
649072 
649073 
649087 
1075074 
1075075 
1075076 
649096 
1075081 
649097 
1075082 
649098 
1075083 
649100 
1075088 
1075089 
1075090 
649106 
1075091 
649107 
649108 
649156 
649157 
649158 
649159 
649170 
649171 
649172 
649173 
649175 
649182 
1435618 
1435619 
1435620 
1075174 
649192 
649193 
1075179 
1075180 
1075181 
649197 
1435630 
649198 
1435631 
649199 
1435632 
649200 
1075185 
1075186 
649202 
1075187 
1435636 
1435637 
1435638 
649207 
649208 
649209 
649214 
649215 
649217 
1075202 
1075203 
1075204 
1075206 
1075207 
649223 
1075208 
649224 
649225 
1435673 
1435674 
1435675 
1435680 
1435681 
1435682 
649263 
649264 
649265 
649266 
649276 
649277 
649278 
649279 
911429 
911430 
911431 
911432 
1435722 
1435723 
1435724 
1075281 
1435730 
1075282 
911442 
1435731 
1075283 
911443 
1435732 
911444 
1075285 
911445 
1075286 
1075287 
649317 
649318 
649319 
649320 
649324 
649325 
1632367 
1435761 
1435762 
1435763 
649331 
649332 
649333 
1435766 
1435767 
1435768 
649339 
649340 
649341 
1435779 
1435780 
1435781 
1435837 
1435838 
1435839 
1435845 
1435846 
1435847 
1501413 
1501414 
1501415 
1435880 
1435881 
1435882 
1435887 
1435888 
1435889 
1435925 
1435926 
1435927 
1435930 
1435931 
1435932 
1435962 
1435963 
1435964 
1435967 
1435968 
1435969 
1403229 
1403231 
1436005 
1436006 
1436007 
1436010 
1436011 
190827 
1436012 
190842 
190843 
190844 
190845 
1436046 
1436047 
1436048 
1436053 
1436054 
1436055 
1141164 
1141165 
1141166 
1141178 
1141179 
1141180 
1436095 
1436096 
911808 
1436097 
911811 
911814 
1436103 
1436104 
1141192 
1436105 
1141193 
1141194 
911820 
1141197 
1141198 
1141199 
911827 
911830 
1141217 
1141218 
1141219 
1436134 
1436135 
1436136 
1436139 
1436140 
1436141 
1141231 
1141232 
1141233 
1141236 
1141237 
1141238 
1141245 
649725 
1141246 
649726 
1141247 
649727 
649728 
1141257 
1141258 
1141259 
649746 
649747 
649748 
1436181 
649749 
1436182 
1141270 
1436183 
1141271 
1141272 
1141273 
1141274 
1141275 
1436189 
1436190 
1436191 
1141283 
911907 
1141284 
1141285 
911909 
911911 
911915 
1141293 
1141294 
1141295 
911919 
649776 
911921 
649777 
649778 
649779 
649782 
649783 
649784 
649785 
1141306 
1141307 
1141308 
1436224 
1436225 
1436226 
1141315 
1141316 
1141317 
1436231 
1436232 
1436233 
1141325 
1141326 
1141327 
1141334 
1141335 
1239640 
1141336 
1239641 
289371 
289372 
289373 
289374 
1239649 
1239650 
1141346 
1141347 
1239652 
1141348 
1141352 
1141353 
1141354 
1436269 
1436270 
1436271 
1370737 
1436274 
1436275 
1436276 
911997 
912000 
912002 
912008 
1141386 
912010 
1141387 
1141388 
912014 
1141393 
1436306 
1141394 
518802 
1436307 
1141395 
1436308 
1436311 
1436312 
1436313 
191130 
518812 
1141406 
1239711 
1141407 
1239712 
1141408 
1239713 
191142 
191143 
191144 
191145 
191160 
191161 
191162 
191163 
1436349 
1436350 
1436351 
1436354 
1141442 
1436355 
1141443 
1436356 
1141444 
1141454 
1141455 
1141456 
649940 
649941 
649942 
649943 
191192 
1141465 
1141466 
1141467 
912091 
912093 
1239774 
1436384 
912096 
1436385 
1436386 
912100 
191206 
649959 
191207 
649960 
191208 
1436393 
912105 
649961 
191209 
1436394 
649962 
1436395 
912108 
781036 
1436399 
1436400 
1239792 
1436401 
1239795 
191221 
191222 
1141495 
191223 
1141496 
191224 
1141497 
1141509 
649989 
1141510 
649990 
1141511 
649991 
1239816 
649992 
1239819 
1141515 
649995 
1141516 
649996 
1141517 
649997 
649998 
1239828 
1141526 
1141527 
1141528 
1141531 
1141532 
1141533 
912183 
912184 
912186 
912189 
912195 
912202 
912203 
912205 
912285 
912286 
912287 
912288 
912291 
1240001 
912343 
912344 
912346 
912348 
912354 
912356 
912357 
912360 
945146 
650236 
650237 
650239 
650240 
650267 
650268 
650269 
650270 
650278 
650279 
650281 
650282 
912432 
912434 
912436 
912440 
912442 
912444 
650308 
650309 
912454 
650310 
650311 
912457 
912460 
912467 
912470 
912472 
912475 
1240156 
1240157 
912477 
1240158 
945247 
912483 
912486 
945268 
945269 
945286 
945287 
945288 
945323 
945324 
945326 
486586 
945356 
945358 
945364 
945366 
945367 
945368 
945369 
945370 
945371 
945372 
748837 
748838 
748839 
748842 
1174875 
1174877 
912738 
912740 
912745 
912752 
912754 
912761 
912768 
388481 
912770 
912774 
912776 
388496 
388502 
388513 
388526 
388527 
388528 
388529 
388539 
388540 
388541 
388542 
388546 
388547 
388548 
388549 
1076682 
1076684 
1076689 
1076691 
388566 
388571 
388588 
388589 
388590 
388591 
912883 
388595 
388596 
912885 
388597 
388598 
912889 
388601 
388602 
388603 
388604 
912896 
912898 
912901 
912903 
912906 
388621 
388622 
388623 
912912 
388624 
912914 
388632 
1437209 
388633 
388634 
388635 
388638 
388639 
388640 
388641 
159287 
388669 
388670 
388671 
388672 
388675 
388676 
388677 
388678 
1437266 
1437267 
1437268 
1437272 
1437273 
388700 
388701 
388702 
388703 
1437280 
1437281 
1437282 
388707 
388708 
1437285 
388709 
1437286 
388710 
388712 
388713 
388714 
388715 
1437296 
1437297 
1437298 
1437299 
1437300 
1437301 
1207932 
1207933 
1207934 
945836 
1437359 
1437360 
1437361 
1437362 
1437370 
1437371 
1437372 
945852 
323260 
1437373 
945853 
945865 
1437386 
1437387 
1437388 
1404622 
1404623 
1404624 
1404626 
1437395 
1404627 
1437396 
1404628 
1437407 
1437408 
388832 
1437409 
1404641 
1437410 
1404642 
1437411 
1404643 
1437412 
945897 
1404650 
1404651 
388843 
1404652 
1404662 
1404663 
388855 
1404664 
388856 
388857 
388858 
1404667 
1404668 
1404669 
388867 
388868 
388869 
388870 
1404681 
1404682 
388874 
1404683 
388875 
388876 
1404685 
388877 
1404686 
1404687 
1371922 
388893 
945950 
945951 
388898 
388915 
388916 
388917 
388918 
945977 
388922 
388923 
388924 
388925 
945982 
388928 
388929 
388930 
388931 
388942 
388958 
388964 
388977 
388978 
388979 
1404788 
388980 
1404789 
1404790 
388982 
388988 
388989 
388990 
388994 
388995 
388996 
388997 
389001 
389002 
389003 
389004 
389011 
389017 
389018 
389019 
946079 
389024 
946084 
389029 
389056 
389057 
389058 
389059 
389063 
389064 
389065 
389066 
389069 
389070 
389071 
389072 
389087 
389088 
389089 
389090 
389097 
389098 
389099 
389100 
389103 
389104 
389105 
389106 
389121 
389122 
389123 
389124 
389137 
389138 
389139 
389140 
389143 
389144 
389145 
389146 
389165 
389166 
389167 
389168 
389172 
389173 
389174 
389175 
389177 
389178 
389179 
389180 
389209 
389210 
389211 
389212 
389214 
389219 
389220 
389221 
389224 
389225 
389226 
389227 
389230 
389231 
389232 
389233 
389239 
389244 
389245 
389246 
389253 
389254 
389255 
389256 
389264 
389265 
389266 
389267 
389270 
389271 
389272 
389273 
1241242 
389301 
389302 
389303 
389304 
389307 
389308 
389309 
389310 
389312 
389313 
389314 
389315 
323910 
946538 
946539 
946554 
946592 
946597 
586249 
586251 
1143331 
946743 
946748 
389765 
389778 
389779 
389780 
389781 
389794 
946884 
389852 
389853 
389854 
389855 
389857 
389864 
193278 
193279 
193280 
193313 
193321 
193322 
193323 
586591 
586592 
586593 
1110910 
291721 
291722 
291723 
291743 
553888 
291744 
553889 
291745 
553890 
1143722 
1143723 
1143724 
553908 
553909 
553910 
291769 
1143739 
1143740 
1143741 
291783 
291784 
291785 
553944 
553945 
553946 
291806 
291807 
291808 
553961 
553962 
553963 
947189 
947190 
947191 
947195 
947196 
947197 
1143815 
1143816 
1143817 
1143829 
1143830 
1143831 
291894 
291895 
291896 
291956 
291957 
291958 
291965 
291966 
291967 
488618 
193830 
193849 
193850 
193851 
193852 
193872 
1439064 
193913 
193914 
193915 
1439235 
1439236 
1439237 
1439238 
1439259 
1439261 
1439262 
390893 
390907 
390908 
390909 
390910 
390911 
390921 
390927 
390941 
161632 
391025 
1111931 
1111932 
391037 
391038 
391039 
391040 
391041 
391051 
391052 
391053 
391054 
391055 
391061 
391073 
391074 
391075 
391076 
391082 
391083 
391084 
391085 
391086 
1111985 
1111986 
1111987 
391110 
292849 
292850 
292851 
391173 
391187 
391188 
391189 
391190 
292917 
292936 
292968 
292969 
292970 
1407098 
1407099 
1407100 
292989 
292990 
292991 
293013 
293014 
293015 
293016 
194712 
194713 
194714 
194719 
293037 
293038 
293039 
293040 
293045 
194741 
1243333 
555205 
555206 
555207 
1243339 
1243340 
194765 
391383 
1243352 
391384 
391385 
391386 
555231 
1243360 
555232 
555233 
555235 
555236 
555237 
391399 
391400 
391401 
391402 
1243371 
1243376 
391409 
391410 
391411 
293107 
391412 
293108 
293109 
293110 
194808 
194809 
293116 
293117 
1243390 
293118 
194821 
194822 
194823 
555273 
555274 
555275 
391437 
391438 
391439 
391440 
293139 
293140 
293141 
1243415 
194843 
194844 
194845 
194846 
555305 
555306 
555307 
293169 
293170 
391475 
293171 
391476 
293172 
391477 
391478 
391486 
391487 
391488 
391489 
293187 
194884 
391495 
391496 
391497 
391498 
293195 
293196 
293197 
915797 
915798 
915799 
915800 
194906 
194908 
194914 
194915 
1243492 
194916 
555365 
555366 
555367 
194926 
1243503 
1243505 
293233 
915826 
1243515 
1243516 
555389 
555390 
555391 
915843 
555395 
915844 
555396 
555397 
915846 
915848 
915853 
915856 
915857 
555413 
555414 
555415 
555416 
1243545 
293273 
555418 
1243547 
555419 
555420 
1243549 
1243551 
194984 
1243575 
1112504 
1243577 
1112505 
1112506 
555452 
555453 
555454 
1243587 
1243588 
195021 
555470 
195022 
555471 
195023 
1243600 
555472 
915921 
1243602 
915924 
915926 
1243610 
1243611 
915933 
915935 
195040 
195041 
195042 
915939 
195043 
1243620 
1243622 
1112558 
1112559 
1243632 
1112560 
1243633 
1112576 
915971 
915974 
915975 
1112587 
915979 
1243660 
915981 
1243662 
915983 
1243664 
1243666 
195094 
1571351 
1243673 
1243675 
195103 
195104 
195105 
1112611 
1243685 
1243686 
195110 
916008 
1112617 
916011 
1112635 
916030 
916031 
916032 
916033 
1112644 
1243717 
1112645 
1112646 
1243719 
1112647 
1243721 
1243723 
1243733 
1243735 
1243745 
1243746 
916079 
916080 
916081 
916082 
1112691 
1243775 
1243777 
1243779 
1243781 
916102 
916103 
916104 
916105 
916109 
916110 
916111 
916112 
1243804 
1243806 
1243817 
1243818 
916138 
1112748 
1112749 
1112750 
1243830 
1243832 
555708 
555709 
555710 
1243840 
916160 
1243841 
916161 
916162 
916163 
1112772 
1112773 
1112774 
1243850 
1243852 
555724 
555725 
555726 
1243856 
1243862 
916182 
1243863 
916183 
916184 
916185 
555737 
555738 
555739 
1112799 
1112804 
1112805 
1112806 
555752 
555753 
555754 
1243890 
1243892 
1243894 
555766 
555767 
1243896 
555768 
1112835 
1243910 
1112843 
1112844 
1112849 
1112868 
1112882 
1112883 
1112884 
916283 
916284 
916285 
916286 
916303 
916304 
916305 
916306 
916313 
916314 
1112923 
916315 
1112924 
1112925 
916331 
1112948 
1112949 
1112950 
916357 
1538956 
1538957 
1538958 
1538964 
1538965 
1538966 
916379 
916386 
916387 
916391 
916398 
916399 
916402 
916416 
916418 
916420 
654282 
916428 
916430 
916433 
916440 
916441 
916444 
916450 
916452 
916454 
654314 
1539138 
1539139 
1539140 
1539143 
1539144 
1539145 
1539150 
1539151 
1539152 
1539158 
1539159 
1539160 
1539163 
1539164 
1539165 
1539169 
1539170 
1539171 
1539196 
1539197 
1539198 
1539210 
1539211 
1539212 
1539221 
1539222 
1539227 
1539228 
1539232 
1539237 
785635 
228582 
228585 
785665 
1015069 
1015071 
1539576 
1539577 
1539578 
1539598 
1539599 
1539600 
1539605 
1539606 
1539607 
917022 
917023 
917024 
917025 
1539619 
1539620 
1539621 
917030 
917031 
917032 
917033 
917053 
917054 
917055 
917056 
1343108 
917188 
917189 
917191 
392959 
917289 
917290 
917291 
917292 
294702 
294703 
294704 
917314 
294722 
917315 
294723 
917316 
294724 
917317 
294725 
1179465 
294732 
294733 
294734 
294735 
294751 
294760 
294771 
294772 
294773 
294774 
294781 
294782 
294783 
294784 
294786 
294787 
1441668 
294788 
655239 
655240 
655241 
294808 
294809 
294810 
294811 
294814 
294815 
294816 
294817 
294833 
294834 
294835 
294836 
294843 
294844 
294845 
294846 
294849 
294850 
294851 
294852 
294853 
294854 
294855 
294856 
294867 
294868 
294869 
294870 
294875 
294876 
294877 
294878 
294881 
294882 
294883 
294884 
294885 
294886 
294887 
294888 
)

// ************************************************************************* //
